77.31
22.46
12.16
44.65
72.89
13.81
51.52
5.18
91.08
21.32
34.6
55.2
42.06
126.23
14.64
42.76
20.41
68.52
55.98
45.68
5.93
41.25
89.54
17.58
27.8
96.71
89.44
48.83
68.68
45.31
36.69
100.06
32.5
17.64
55.62
31.36
62.71
9.66
166.77
17.23
58.69
71.39
9.75
27.89
3.27
24.09
73.04
23.84
88.35
1.62
71.01
58.21
83
68.33
77.17
10.57
61.28
18.58
99.23
54.74
94.75
200.18
52.98
17.08
54.76
42.22
173.6
123.04
87.86
55.59
61.55
97.31
22.05
35.55
81.91
38.28
92.33
38.19
193.22
12.12
23.14
41.56
51.62
97.31
67.58
28.1
34.95
91.06
8.6
37.37
100
48.43
93.11
100.11
89.28
52.49
31.72
97.13
15.49
21.16
144.74
89.08
57.09
113.68
84.75
88.73
42.86
61.77
66.94
8.65
89.9
84.29
59.8
72.65
8.32
16.98
72.98
28.46
146.94
64.09
9.76
57.48
6.71
23.49
67.6
42.52
63.31
53.5
22.88
75.44
7.61
165.5
63.9
72.83
8.01
62
59.2
161.59
3.6
14.05
19.43
62.18
50.93
57.47
28.32
43.19
74.5
10.96
29.41
51.35
91.98
81.27
91.22
93.9
86.54
87.85
75.8
63.21
64.22
19.24
75.02
82.98
9.31
64.02
52.64
167.05
77.33
19.51
12.96
20.04
6.16
74.48
40.72
75.94
138.72
74.27
25.32
14.26
53.73
43.59
34.15
56.63
26.79
54.94
41.4
23.47
20.05
79.68
127.63
24.77
26.22
166.07
26.6
50.23
22.16
74.89
38.72
86.15
65.86
86.29
27.17
16
31.65
43.51
69.94
6.93
62.98
67.27
12.36
37.29
91.68
58.32
173.12
44.98
188.73
99.22
16.11
13.4
94.92
77.9
69.14
95.86
97.22
37.59
46.26
60.08
122.71
60.86
16.82
21.33
20.62
67.48
89.83
13.93
160.26
31.81
49.23
60.51
90.33
25.18
98.84
43.7
84.49
98.29
88.24
78.77
166.58
157.57
36.23
90.06
47.1
171.6
90.1
95.9
81.64
84.16
51.84
6.42
71.85
74.46
11.74
78.23
29.32
63.54
44.04
36.55
44.87
68.81
16.8
198.82
74.54
43.46
63.76
0.37
86.2
183.85
79.2
79.43
1.35
84.22
36.79
36.62
52.12
140.16
3.71
51.57
33.38
136.39
47.13
51.64
54.92
49.69
167.43
97.08
57.96
33.12
17.06
44.78
87.29
104.37
61.16
34.28
7.52
189.4
56.28
79.47
36.7
176.48
71.17
20.07
47.03
91.15
199.6
82.95
10.71
76.57
65.1
72.78
69.56
83.68
29.82
28.05
19.81
37.89
14.33
26.62
86.3
75.12
59.03
73.71
10.14
45.06
60.53
78.66
24.44
70.68
38.75
7.77
99.14
66.35
65.16
48.94
97.61
12.75
10.53
79.73
60.02
89.28
72.48
50.61
83.19
43.07
131.86
60.71
76.39
97.63
86.93
68.58
16.91
119.04
21.62
9.41
71.27
61.04
98.89
89.36
25.49
66.29
61.75
1.2
96.01
9.16
29.66
33.05
83.86
6.25
54.87
47.58
90.12
67.71
2.49
48.35
171.12
57.76
22.93
185.83
0.77
32.79
20.63
40.78
15.5
45.57
29.74
90.45
2.37
149.82
72.42
84.39
61.71
62.54
95.83
42.84
51.85
79.54
60.43
67.38
49.97
11.4
13.76
15.49
92.2
91.53
56.58
80.47
0.75
47.99
20.69
82.6
115.69
83.71
7.07
92.86
119.15
1.69
69.32
67.42
59.21
65.2
85.85
12.93
35.28
5.18
124.94
87.4
84.19
72.55
100.96
37.5
88.89
3.37
92.77
69.45
82.64
59.37
15.05
195.94
20.66
57.78
153.21
11.53
44.36
51.52
154.87
121.27
84.97
112.57
67.49
99.45
2.36
65.79
95.53
12.42
21.41
71.01
57.47
11.99
13.6
2.36
76.67
2.53
35.52
27.97
48.51
47.92
71.55
15.12
40.37
87.61
17.07
85.63
82.32
7.65
7.4
13.43
56.04
1.49
82.63
75.2
32.7
18.22
54.23
8.85
72.8
79.57
78.8
56.79
30.99
44.63
91.47
61.98
23.89
81.5
0.74
60.25
94.04
30.82
0.14
198.22
132.3
84.37
91.81
64.99
99.85
157.88
66.62
42.75
8.33
44.57
37.25
64.29
23.3
66.61
18.08
97.53
33.58
56.5
14.05
96.96
45.24
92.64
52.7
50.39
70.41
34.02
4.89
6.94
56.47
81.8
41.26
6.54
73.05
1.81
56.76
48.43
80.18
27.05
30.04
14.18
92.14
12.26
81.78
57.89
31.22
49.66
149.41
40.79
8.46
50.68
59.4
129.66
27.41
93.92
26.16
8.95
28.48
33.22
18.74
47.13
86.77
41.95
106.77
40.47
150.17
67.49
77.16
96.34
91.1
23.18
180.56
55.35
96.11
75.72
196.2
79.3
29.99
64.09
17.17
23.21
5.64
141.21
98.08
61.61
40.25
57.06
49.35
1.79
74.39
53.88
8.58
18.5
98.59
18.85
179.27
82.81
32.09
44.36
10.5
47.9
2.91
49.51
96.81
47.37
74.45
48.87
47.54
3.7
26.82
61.79
22.85
91.21
13.11
59.2
91.78
72.87
72.3
172.72
64.03
69.89
128.88
86.04
31.98
2.85
80.01
17.5
50.08
195.77
13.58
26.58
33.92
26.75
58.5
67.99
59.55
31.73
60.76
34.68
50.15
98.27
79.21
83.11
47.57
187.64
3.82
2.66
29.4
122.11
94.66
51.91
178.42
37.14
6.09
34.15
76.14
14.43
58.96
174.75
1.38
81.3
51.84
52.6
4.68
8.56
92.53
151.36
42.18
20.85
192.19
26.71
75.91
35.98
47.32
53.19
62.67
90.22
15.76
58.54
45.14
65.13
32.02
33.72
23.87
33.03
77.04
8.35
168.8
89.28
189.64
23.37
83.11
55.3
178.6
198.65
5
84.75
58.7
28.98
0.53
90.89
3.64
17.52
44.63
42.69
13.79
52.53
43.04
35.43
100.74
113.55
68.16
92.88
87.33
84
96.28
53.9
44.95
61.42
37.99
31.05
14.13
37.98
68.57
94.69
87.77
30.63
127.39
95.63
61.05
91.92
128.37
53.52
75.46
92.08
0.87
74.19
5.34
16.47
96.84
43.57
95.91
135.07
43.43
168.07
69.19
81.46
38.88
82.09
65.79
4.21
76.25
21.69
108.51
27.88
27.22
35.49
93.33
57.36
16.36
127.82
61.83
52.34
76.22
25.05
94.35
61.82
62.11
71.15
98.71
7.09
26.1
68.03
69.93
69.2
29.48
65.63
18.07
22.54
38.82
39.64
12.22
98.84
25.61
91.27
76.69
42.57
28.32
52.75
60.94
83.17
16.83
161.93
20.51
89.24
82.25
49.87
74.51
86.62
32.04
76.19
41.36
83.63
6.75
67.47
20.35
4.31
96.96
86.37
61.44
96.13
95.36
180.33
32.06
34.11
88.09
68.06
74.72
113.73
40.01
150.65
123.43
172.29
67.02
41.64
92.14
31.14
75.02
165.11
36.9
28.74
69.01
72.06
16.74
92.01
69.27
82.55
64.23
51.01
61.73
84.8
19.4
97.09
190.72
40.18
91.31
74.49
15.43
147.97
64.16
54.92
44.58
41.56
97.58
33.58
175.8
61.32
70.95
85.36
133.07
9.63
55.2
90.12
81.48
18.68
161.39
9.41
76.58
26.91
72.49
72.01
30.68
51.33
87.6
57.23
34.56
53.84
100.28
63.44
82.77
54.81
57.97
41.75
96.94
46.05
147.04
156.87
93.52
23.76
84.72
88.89
8.04
75.47
54.31
90.64
65.51
45.61
152.65
42.61
2.8
20.34
71.62
36.28
27.49
161.02
59.52
68.75
117.46
34.46
70.68
44.01
42.75
73.42
30.67
24.43
70.95
35.97
37.79
86.71
27.35
182.11
153.14
85.68
13.84
9.34
86.02
96.98
33.99
63.58
43.11
11.83
190.29
38.06
94.79
85.4
14.85
53.25
30.4
92.47
21.28
33.95
2.53
75.25
147.83
47.56
62.83
90.7
43.18
121.48
28.15
80.99
105.15
35.36
10.99
63.34
49.59
15.24
85
54.3
11.14
30.12
68.44
7.93
24.8
66.6
45.54
44.52
64.18
30.11
40.11
152.68
86.29
47.36
181.45
64.31
66.86
31.23
44.15
148.81
25.43
63.09
53.38
2.93
51.29
36.37
38.78
21.17
43.34
30.66
29.71
125
72.2
28.81
64.53
84.34
95.09
41.07
8.63
10.7
71.29
43.1
83.21
32.44
41.16
113.88
39.9
74.96
69.82
40.17
99.02
116.35
54.55
43.4
165.97
50.04
89.3
92.1
68.56
17.38
68.38
23
82.69
68
74.5
42.82
55.71
3.74
23.31
180.71
64.03
43.4
61.39
15.48
15.97
161.39
59.37
26.75
51.66
20.16
17.73
92.36
51.99
122.6
57.85
56.95
2.37
90.7
76.23
8.64
34.81
34.09
30.02
1.79
14.32
19.43
27.41
85.81
1.07
49.68
34.81
79.97
32.1
82.25
69.11
77.29
65.62
95.39
198.33
57.57
34.44
22.21
134.5
143.8
6.63
45.45
55.64
94.62
60.95
50.1
8.38
74.36
197.89
40.7
99.33
70.99
68.17
65.87
2.78
41.74
38.39
95.36
9.44
1.9
65.04
58.39
100.17
127.44
73.89
82.69
73.52
14.08
33.84
51.88
12.08
60.44
28.98
94.54
39.11
17.03
50.47
3.23
84.48
65.21
68.19
78.55
74.07
25.07
117.57
50.64
83.92
26.15
43.19
48.82
6.73
25.68
41.88
40.88
87.78
26.35
93.52
72.93
82.25
66.59
37.18
153.59
45.24
81.84
30.31
70.97
84.65
185.53
91.05
48.82
27.28
55.95
39.22
31.06
154.42
66.17
52.43
66.21
90.92
53.23
92.32
92.91
41.83
3.47
62.17
7.18
63.16
45.32
111.66
100.79
73.06
2.86
84.99
1.47
39.12
84.77
76.74
33.79
30.71
69.89
82.83
21.51
84.71
30.89
9.08
32.83
49.51
99.98
26.09
92.58
84.54
42.16
100.45
28.83
147.38
28.25
108.67
45.92
57.32
82.53
24.4
59.43
19.33
96.1
14.2
91.85
110.35
194.32
12.86
69.63
96.97
19.15
6.57
70.85
87.11
65.44
31.76
157.42
60.86
45.38
80.58
72.24
7.63
12.36
57
0.28
2.93
62.53
119.71
9.96
18.21
139.75
58.34
43.22
46.15
32.33
50.34
40.9
8.04
120.55
180.26
86.56
32.9
3.18
93.77
48.34
56.28
97.41
59.29
17.76
61.47
66.5
84.2
82.24
90.72
89.25
143.17
63.92
6.12
6.5
100.3
69.64
86.54
134.9
62.85
116.46
5.65
18.31
13.54
94.78
75.4
46.31
7.68
68.86
93.86
64.6
40.87
50.07
44.44
36.97
60.02
82.04
25.32
15.51
80.3
156.37
39.57
49.93
76.62
22.96
52.25
0.27
30.59
9.77
25.35
96.69
29.71
7.98
92.36
51.71
31.16
78.85
70.41
85.62
63.15
17.48
9.36
36.57
53.44
17.25
39.03
62.39
70.87
60.38
94.18
62.94
35
20.66
74.77
43.54
19.44
6.66
77.15
15.73
7.6
52.48
65.4
6.14
55.07
53.15
7.56
8.03
38.15
27.04
161.37
84.88
75.43
94.74
76.54
67.5
11.04
81.01
78.87
21.58
159.18
33.48
36.5
93.14
68.74
30.92
28.8
63.77
69.11
18.42
20.8
3.5
60.45
99.25
8.93
66.91
82.87
22.08
63.14
25.55
46.44
12.47
89.42
34.64
15.53
98.5
80.88
40.62
18.07
41.22
40.14
55.57
93.36
31.53
29.03
84.16
140.28
12.87
68.01
9.06
128.43
31.5
6.95
25.94
79.54
197.07
56.96
26.31
68.81
14.61
14.83
68.73
61.65
11.44
11.09
46.2
80.72
28.56
65.05
54.51
51.25
73.36
23.36
83.6
177.07
157.67
76.86
27.99
16.56
147.44
87.86
99.72
99.65
48.44
18.96
23.01
86.21
71.47
115.17
43.58
55.15
26.56
59.1
26.79
13.19
87.33
32.46
72.8
100.51
78.46
91.68
80.72
64.23
42.5
12.42
14.26
191.63
115.78
116.42
13.27
55.4
27.46
26.49
35.08
39.82
13.43
3.17
30.24
47.97
35.44
11.21
89.74
81.08
77.39
64.75
46.63
2.4
49.33
58.31
80.38
161.79
44.35
96.52
40.43
70.98
4.87
99.69
11.12
48.44
23.97
70.03
47.4
121.71
16.96
35.36
25.88
74.37
17.36
84.37
70.83
30.21
82.88
56.44
14.56
55.53
99.16
90.8
23.85
54.06
13.18
91.52
54.46
26.95
19.4
93.7
192.62
91.84
97.85
12.42
73.56
82.84
42.34
15.92
61.05
40.55
34.72
92.95
108.71
37.47
21.94
181.36
167.73
90.25
77.76
91.24
7.17
87.73
95.34
45.79
7.34
21.82
34.79
39.8
94.8
54.21
25.9
101.75
68.64
47.88
70.24
66.28
9.04
12.56
100.65
17.16
64.87
72.18
63.26
67.71
75.33
8.62
80.62
3.05
100.64
31.3
63.53
49.81
66.63
23.06
72.18
192.49
61.09
34.63
92.15
87.24
36.47
97.92
83.26
29.41
50
45.27
4.91
26.75
21.17
32.31
97.81
9.32
52.02
27.52
7.72
59.08
29.08
33.54
74.29
47.37
8.99
34.32
99.96
42.89
47.14
78.14
76.28
3.43
46.47
17.34
22.42
17.47
37.19
171.52
60.66
18.06
134.9
97.77
44.64
39.44
69.28
6.39
143.64
66.29
8.55
66.62
57.08
2.32
61.3
39.29
120.64
76.06
100.68
20.37
52.55
72.34
30.93
28.18
7.7
65.47
13.79
31.63
91.08
77.08
57.96
62.28
59.13
67.82
67.31
60.71
53.7
19.96
48.24
44.49
10.81
65.25
80.38
20.49
17.19
168.7
66.4
40.12
93.71
19.3
19.17
44.88
3.61
9.65
86.06
71.11
180.12
42
12.66
23.86
38.97
24.91
26.32
35.82
115.89
166.79
31
43.26
32.5
51.34
38.72
64.92
67.33
11.01
42.78
82.67
45.47
20.15
16.17
176.17
68
56.09
57.25
146.24
23.66
83.57
76.68
31.78
90.55
86.14
2.29
32.7
78.25
53.56
17.68
8.89
59.47
78.27
73.01
11.38
45.83
43.46
73.44
195.51
83.04
52.69
82.87
44
66.87
19.45
138.23
16.78
31.84
65.24
86.99
164.96
36.26
35.07
120.64
92.62
54.56
18.22
36.78
62.79
22.38
63.39
2.92
31.65
100.27
79.39
29.88
57.2
147.64
55.47
190.73
39.9
67.78
95.73
65.82
70.36
35.24
48.58
64.29
32.54
6.73
197.58
46.89
91.9
85.76
63.03
51.66
98.85
90.52
26.82
68.16
95.31
40.38
70.02
19.4
70.47
10
77.46
107.24
159.34
14.88
139.63
3.99
42.89
57.9
69.6
17.61
90.1
59.4
37.92
25.91
4.31
33.68
29.57
51.74
40.97
31.3
13.47
45.13
56.33
58.8
19.28
41.36
190.57
89.82
39.84
45.33
85.23
48.59
85.83
29.15
82.98
6.05
0.23
6.37
49.98
66.92
117.8
41.99
28.71
3.54
79.34
63.7
16.25
174.94
4.41
61.16
80
80.69
9.46
39.43
62.45
50.98
62.97
34.31
37.94
57.76
9.98
100.76
52.31
19.32
90.55
8.68
63.74
109.72
72.56
65.08
51.44
55.77
48.82
60.03
47.14
47.22
14.87
78.14
7.59
69.81
5.69
34.1
71.88
61.36
80.08
38.32
53.82
26.06
2.2
57.06
169.85
10.24
77.52
52.4
1.11
52.81
61.61
58.48
2.03
59.66
56.5
61.89
1.98
96.88
39.67
8.17
73.35
119.95
77.11
21.26
170.21
89.17
23.57
100.11
60.59
77.3
80.74
77.2
0.62
2.9
2.36
60.25
142.56
9.05
91.67
163.39
76.33
70.89
20.22
78.33
126.84
7.88
72.28
146.58
72.91
186.53
77.7
86.24
100.86
80.25
39.11
23.52
60.07
16.7
71.75
16.85
38.92
108.03
25.06
3.29
46.52
67.66
17.54
34.51
24.98
70.44
78.53
189.45
80.36
22.31
59.63
63.95
61.27
92.15
3.05
27.91
61.3
7.76
111.78
7.39
143.75
34
35.07
75.62
84.04
39.91
34.83
24.05
187.26
8.76
88.54
83.75
197.59
33.95
181.62
159.35
1.7
38.7
135.37
97.86
76.52
47.38
59.02
82.35
14.43
16.9
40.25
92.84
34.49
32.75
25.57
63.36
3.03
52.32
66.17
28.16
60.88
88.85
185.63
50.84
85.33
69
29.34
17.8
70.23
35.48
11
50.95
82.25
59.89
64.04
84.32
82.99
34.57
39.3
129.86
30.34
28.69
45.2
48.86
186.45
1.3
118.93
1.74
0.02
60.01
18.02
33.55
93.68
74.06
86.51
61.81
48.04
43.91
22.45
162.23
167.47
43.49
16.1
64.24
80
39.41
28.79
14.88
97.26
18.74
7.17
75.3
15.43
4.48
132.4
82.63
62.74
41.87
53.69
30.31
48.02
73.85
67.07
27.97
87.34
80.15
95.71
33.87
34.72
48.43
57.83
57.03
192.5
3.4
28.73
101.47
76.9
100.77
8.08
71.64
81.81
94.6
97.5
46.92
97.09
86.39
24.59
48.96
100.4
96.56
79.68
6.24
56.26
73.61
38.65
40.69
19.8
2.26
20.16
149.4
95.92
23.68
2.83
77.32
71.87
25.56
146.84
96.08
70.97
19.48
110.31
11.95
37.18
56.58
33.68
91.61
2.04
14.33
32.43
89.83
6.74
96.07
22.85
32.09
4.54
4.78
35.45
94.7
41.85
51.64
43.99
54.68
124.11
48.29
59.09
69.14
16.79
7.76
33.83
86.75
83.19
37.6
56.45
34.58
30.9
51.02
16.75
71.47
95.64
91.52
44.19
44.34
73.35
12.1
45.79
60.91
195.92
57.43
138.33
131.44
82.96
88.05
98.94
99.96
96.15
1.77
63.35
93.63
46.01
47.36
64.96
71.54
21.36
69.24
69.11
47.62
54.62
43.92
11.35
76.78
52.2
29.12
67.48
68.62
39.92
60.8
36.8
4.44
86.28
29.66
92.71
23.71
48.07
98.31
3.79
74.76
4.97
155.53
58.62
49.41
74.71
84.94
119.63
3.95
47.2
45.54
25.35
69.53
93.33
58.23
23.66
33.66
6.92
60.72
90.45
6.93
25.79
62.93
51.61
84.31
17.41
24.22
62.26
97.58
64.56
77.17
84.48
65.04
35.86
100.9
70.7
115.64
111.99
52.38
17.93
46.81
94.16
16.7
86.96
97.8
93.36
144.46
17.04
21.92
4.81
91.23
43.56
20.06
147.7
97.29
60.72
130.33
41.94
96.52
155.77
148.48
1.62
0.6
31.03
41.4
100.5
7.72
15.42
70.28
83.97
60.09
95.33
82.96
81.92
100.08
1.98
12.96
19.46
49.94
120.26
33.47
23.07
90.69
36.12
4
1.55
112.02
8.78
80.89
91.87
75.39
111.73
28.15
179.09
52.73
63.13
55.89
28.58
16.44
75.15
97.99
22.64
46.31
66.37
73.96
153.43
58.1
168.62
66.68
40.61
60.3
58.33
95.83
88.67
21.57
0.71
95.8
66.25
40.47
48.41
98.74
35.7
73.65
76.95
62.57
56.74
38.38
22.86
83.64
40.44
14.98
99.89
97.48
47.3
47.46
42.6
7.25
92.6
55.02
4.77
197.86
16.65
52.46
72.09
147.82
29.06
31.94
35.71
88.24
28.42
45.43
53.12
120.16
18.36
55.47
28
67.25
7.6
79.67
104.58
77.6
47.24
72.94
3.63
96.24
95.81
68.84
45.86
121.1
135.13
41.05
89.35
1.22
10.91
75.86
72.04
186.83
27.99
94.03
11.42
29
10.24
96.82
22.4
93.34
84.51
29.01
31.66
22.73
4.52
28.57
64.15
9.3
127.46
83.44
25.43
1.5
70.56
115.94
88.54
24.72
50.66
55.2
28.56
86.98
94.03
100.12
184.62
4.34
177.56
109.84
71.12
34.3
97.76
39.02
45.48
66.97
3.9
24.53
95.33
17.2
94.03
25.64
30.18
18.73
25.1
52.39
86.34
98.18
15.49
7.98
99.82
76.16
32.65
74.13
100.96
62.81
79.74
49.5
71.07
180.58
16.48
87.97
87.84
66.11
69.17
91.09
0.7
27.68
24.45
1.72
29.42
4.12
49.97
86.71
68.71
23.58
151.06
190.28
39.94
25.06
66.91
32.81
47.05
7.15
11.41
70.86
1.19
26.55
36.27
172.82
31.85
96.29
77.74
50.19
46.97
20.88
100.63
98.76
78.51
26.83
95.9
42.59
189.07
43.08
99.48
28.96
52.91
71.06
38.95
75.55
40.38
25.83
32.14
32.17
45.5
89.18
45.2
67.84
65.36
21.5
25.9
74.95
87.37
85.69
145.09
96.72
1
12.76
102.3
42.93
12.97
69.73
125.92
5.26
18.73
92.24
27.73
144.38
90.91
91.33
9.99
32.94
49.38
27.94
57.32
51.88
22.43
98.6
154.89
42.47
91.91
73.32
52.55
63.52
140.27
38.88
24.04
40.35
34.56
5.49
89.57
73.46
3.51
36.6
36.94
60.24
27.96
84.47
42.59
16.28
26.97
60.52
75.79
53.18
93.91
78.32
30.47
34.45
56.75
36.04
15.31
29.53
91.52
86.56
60.36
58.34
31.84
3.25
67.35
87.59
10.64
191.92
103.93
4.1
62.95
90.91
12.79
39.67
67.52
38.16
39.97
74.27
69.23
10.57
56.75
11.23
33.29
55.57
44.7
66.45
31.59
39.25
75.12
17.54
168.83
94.21
79.73
89.06
12.56
7.34
52.1
56.14
7.91
19.39
15.6
92.18
40.59
5.39
63.34
55.35
100.77
51.56
89.21
76.57
17.51
73.18
54.08
52.61
79.65
180.39
3.76
52.75
92.21
84.98
73.66
52.85
51.84
27.85
191.16
12.13
92.03
3.99
16.46
96.96
25.75
85.36
23.08
91.75
7.84
69.41
10.44
45.43
172.25
20.48
25.65
167.24
66.96
74.35
31.51
18.8
57.29
72
161.84
93.92
39.96
51.94
40.42
32.88
48.18
69.19
50.56
82.3
31.03
63.84
38.68
1.18
41.43
84.86
177.41
12.59
72.12
21.35
57.48
71.64
32.46
57.41
11.26
178.25
2.19
33.34
45.65
74.87
48.08
28.92
150.74
51.17
51.5
27.83
24.51
99.65
15.55
14.34
184.73
49.94
33.52
44.84
64.78
42.25
149.81
35.8
12.83
21.42
105.76
67.74
53.14
19.97
46.54
95.83
82.12
29.81
58.56
112.67
19.25
91.49
93.91
24.83
1.17
69.26
186.19
148.65
6.98
77.27
133.12
5.11
77.32
38.33
72.23
88.68
15.34
100.52
44.69
93.07
94.96
91.44
22.41
64.22
2.32
59.26
133.3
56.39
9.89
171.29
68.83
63.19
30.65
33.6
83.96
49.31
64.44
54.49
85.98
51.91
76.42
30.75
86.74
50.62
57.79
60.17
0.43
4.28
48.36
32.59
116.06
82.58
77.78
32.69
78.64
17.4
2.37
36.74
49.73
159.12
2.04
67.9
98.57
64.38
97.47
30.82
85.85
99.39
92.91
31.64
81.21
57.26
84.59
39.45
20.69
48.99
116.33
49.45
26.17
72.26
8.28
126.34
90.01
54.46
96.75
92.92
61.09
5.76
33.6
50.93
56.84
84.59
83.58
81.17
26.55
133.2
24.99
64.16
27.24
82.8
58.4
45
78.1
46.81
3.94
59.62
94.74
42.39
4.99
46.67
42.29
39.95
78.87
40.84
46.07
55.09
66.17
45.02
25.44
60.19
81.94
52.87
83.11
69.8
54.32
89.07
78.43
43.65
13.67
28.22
37.07
34.11
76.56
194.69
29.92
152.53
15.72
40.4
41.68
85.25
12.99
79.4
14.94
20.87
53.22
22.45
43.75
68.05
82.67
80.61
62.53
100.27
18.28
11.8
20.31
51.74
32.02
94.39
8.03
105.02
144.63
84.71
41.74
34.98
143.9
66.24
19.18
16.82
88.89
13.29
93.31
24.77
74.08
77.41
90.61
83.84
33.63
10.62
77.47
31.69
11.13
97.4
19.05
53.05
64.19
33.55
70.25
34.55
2.51
59.51
6.24
18.09
37.59
38.79
52.54
100.13
19.35
98.06
82.92
66.24
92.17
86.1
8.12
11.25
77.24
87.24
67.29
93.42
88.44
7.73
106.79
84.26
71.49
7.61
100.28
49.26
22.01
37.6
176.19
40.98
35.92
0.17
77.02
76.29
9.07
37.36
88.91
77.87
23.8
55.63
139.29
99.62
99.76
40.3
183.24
59.14
23.77
14.76
21.36
30.03
11.74
42.55
72.94
75.71
10.26
35.4
145.3
25.04
88.33
8.1
24.43
48.33
196.46
86.87
53.57
66.13
61.75
63.84
66.51
76.54
4.15
85.58
65.35
55.54
41.02
116.11
115.44
58.16
57.13
38.3
11.21
47.5
5.51
41.8
5.46
172.39
163.44
75.92
121.22
80.46
77.73
97.28
44.48
22.18
78.07
21.88
23.71
86.71
61.19
62.86
7.99
117.73
2.11
2.88
0.66
1.06
97.27
96.69
50.36
81.55
46.85
184.49
38.61
177.7
29.27
6.59
89.24
96.55
45.59
114.22
20.39
58.88
13.49
63.04
98.94
7.65
80.98
47.03
44.08
37.07
60.76
53.67
26.02
19.66
69.22
23.13
78.15
41.77
28.42
41.77
68.79
30.29
29.72
30.19
21.57
22.96
17.27
151.3
94.43
85.5
198.74
98.86
43.52
16.35
11.95
4.49
92.74
21.35
87.78
75.37
0.75
86.83
64.88
69.7
69.53
157.58
6.03
32.02
162.62
141.93
87.68
84.63
13.29
76.36
3.67
18.91
31.46
13.7
34.1
64.54
87.44
44.6
6.76
72.8
32.13
101.25
90.35
98.61
98.42
0.99
100.15
66.16
70.61
77.6
19.82
58.51
36.62
0.49
30.02
99.93
9.12
86.03
65.99
20.73
96.32
74.58
40.56
85.06
96.71
98.87
68.42
8.56
91.12
36.56
168.18
103.02
49.07
89.4
10.86
7.05
66.99
40.12
1.18
15.33
52.31
11.19
62.7
2.16
37.82
7.97
42.5
24.57
25.54
63.5
46.42
8.43
54.71
62.78
72.18
40.86
36.28
12.81
73.23
146.19
37.05
96.94
15.72
10.72
45.46
8.38
18.24
153.43
46.68
10.95
96.5
70.02
1.32
9.56
70.31
0.8
64.44
97.21
30.97
146.62
49.98
8.58
73.51
62.33
36.78
131.78
64.9
48.96
67.7
20.92
5.73
66.12
168.17
57.01
32.59
52.38
1.11
71.64
48.83
152.98
8.71
59.29
85.34
56.56
39.32
99.96
22.4
88.89
11.25
150.75
44.15
81.39
100.77
36.28
77.91
71.51
83.39
85.22
65.88
15.28
188.7
165.13
81.14
36.07
25.94
3.41
19.1
3.96
36.97
37.25
100.58
43.1
33.82
60.85
97.66
13.27
94.34
41
57.55
70.5
17.35
71.6
27.98
96.84
38.56
1.35
87.15
52.14
33.85
31.37
93.5
24.77
38.93
68.59
52.48
1.02
57.88
17.64
126.32
78.3
137.35
140.08
39.41
30.05
18.84
62.05
32.34
30.54
33.32
21.37
89.48
18.12
50.39
100.8
108.89
88.29
68.12
84.8
81.31
90
96.16
91.97
92.66
63.73
97.1
88.5
23.65
85.93
163.89
76.85
78.75
76.14
178.45
25.28
54.71
57.73
96.19
54.44
32.07
67.69
88.02
37.58
9.96
2.58
46.42
14.98
151.54
3.66
73.27
35.01
63.37
78.53
41.8
82.25
39.8
2.43
84.06
80.17
28.86
80.03
78.1
37.81
50.22
11.34
4.37
84.36
11.02
14.69
43.12
98.72
41.95
30.41
24.2
90.99
45.46
75.48
55.31
23.62
71
39.8
13.25
32.42
34.91
15.44
83.63
54.61
52.84
137.8
14.98
79.92
83.04
30.85
23.35
86.71
21.74
72.44
6.81
92.52
77.63
48.74
57.66
59.68
79.56
29.26
31.4
20.46
46.04
7.64
1.64
20.99
22.25
84.87
74.39
103.63
75.39
48.65
67.08
11.07
65.28
6.14
87.97
57.57
47.47
108.92
18.23
27.85
17.33
44.93
46.06
75.49
6.65
30.61
57.3
25.43
150.08
33.01
79.6
9.62
12.41
82.99
16.23
81.4
24.6
28.06
97.39
72.48
78.08
12.53
19.23
19.7
24.1
67.58
95.32
73.65
51.43
82.42
33.93
19.74
3.73
89.07
20.18
89.42
78.77
78.94
5.3
75.31
76.17
52.5
18.21
82.2
73.48
84.41
95.57
25.43
86.17
66.39
93.63
56.18
100.5
61.52
86.96
100.63
2.57
92.48
32.14
57.12
6.96
7.85
87.67
84.69
63.52
127.72
86.04
7.16
17.2
63.01
148.99
15.48
70.61
100.27
72.96
74.06
8.58
80.21
87.6
115.94
90.84
111.83
30.43
94.75
77.53
77.95
118.54
8.31
77.25
10.79
25.21
53.63
64.94
88.29
130.37
106.95
46.25
60.89
29.27
15.21
23.07
27.88
18.89
15.08
31.75
35.4
28.4
17.37
45.05
26.79
8.13
190.64
68.89
50.03
23.94
99.59
68.31
44.67
20.5
60.5
43.07
91.56
5.49
60.54
81.93
5.62
44.94
121.19
65.98
21.07
17.08
114.23
22.53
76.25
16.23
81.77
33.47
147.5
38.03
19.57
17.77
28.79
19.42
12.72
172.07
94.5
54
24.82
158
78.84
25.14
67.22
77.31
20.28
9.66
12.02
30.64
143.09
142.39
4.49
54.17
82.78
86.84
70.63
84.28
54.3
64.53
38.77
60.17
117.73
60.01
72.84
98.72
88.05
43.49
71.82
85.92
95.77
93.32
45.7
78.23
51.25
81.72
70.78
3.18
3.47
39.51
157.07
70.82
88.79
42.32
12.46
87.04
95.45
87.43
80.23
34.85
57.88
186.66
100.75
33.92
33.75
61.59
87.21
27.23
38.15
85.23
86.9
44.34
31.25
71.81
77.35
15.27
75.09
98.97
57.55
55.12
60.15
43.15
105.86
87.58
97.25
41.6
67.66
37.8
11.65
70.7
8.16
100.3
9.38
64.96
30.78
90.33
4.12
41.25
93.13
98.88
135.45
70.01
65.11
11.51
165.77
57.16
36.33
40.97
11.23
146.58
45.8
69.07
22.16
47.98
68.02
169.13
86.78
2.68
58.77
43.09
69.32
165.04
54.79
80.2
164.17
73.13
8.33
95.53
189.44
15.53
102.53
74.78
82.75
5.9
96.68
11.63
92.93
77.28
76.57
95.65
31.07
87.55
18.66
27.93
87.82
9.08
16.19
42.85
67.69
22.64
4.07
70.22
87.64
67.38
52.62
44.25
63.81
86.11
18.12
146.16
99.17
83.24
71.22
148.22
72.74
30.45
50.96
65.53
43.38
7.87
74.81
29.07
71.18
40.08
29.98
66.92
22.34
95.35
52.36
77.61
16.39
72.28
19.13
96.03
75.25
81.64
29.95
48.5
8.45
68.55
39.74
36.13
37.5
147.82
96.09
177.32
22.98
45.76
174.78
80.19
49.67
74.21
13.67
60.2
29.78
93.98
71.02
70.86
92.13
192.02
155.16
50.67
127.69
39
13.29
76.14
53.59
99.31
23.31
92.33
12.21
39.18
48.91
88.35
85.74
53.4
87.43
99.51
88.19
49.35
89.49
37.99
121.96
45.41
16.58
63.25
26.62
93.83
57.95
93.05
10.03
28.86
60.44
35.77
54.16
80.34
184.86
96.99
58.93
15.14
57.18
39.88
89.73
11.69
71
83.53
6.22
32.4
43.64
50.57
76.47
36.5
25.37
37.12
75.02
71.95
19.66
44.77
94.01
46.54
41.5
76.36
88.05
178.68
6.55
73.29
23.16
22.39
52.81
69.22
25.86
76.95
13.14
25.25
8.48
85.74
14.15
32.97
2.89
40.79
39.93
71.51
0.75
93.35
11.92
54.29
87.29
63.24
66.76
100.02
65.02
30.46
42.5
80.21
81.23
130.43
33.41
22.16
3.99
145.73
145.75
58.1
25.79
3.58
29.6
50.98
85.03
73.89
5.44
71.64
88.58
19.37
88.24
15.73
85
12.19
7.18
93.55
178.57
94.48
22.98
11.85
74.72
132.81
66.68
28.8
5.85
7.83
170.64
77.69
30.23
107.23
89.83
25.03
189.18
2.69
34.41
6.37
30.4
85.46
85.11
7.02
42.82
81.23
155.86
83.41
60.61
158.13
63.89
121.84
71.08
159.92
166.98
53.81
90.5
95.35
15.64
95.69
56.98
89.92
20.15
54.29
94.05
163.06
139.58
37.81
48.91
67.19
84.74
108.98
48.41
45.41
96.47
88.75
70.41
63.69
10.24
167.59
30.29
82.42
1.16
45.51
16.32
66.17
37.41
4.67
50.97
9.76
57.24
60.39
27.46
22.03
144.19
37.23
65.05
55.85
20.93
65.52
66.23
62.11
63.98
44.6
64.87
16.92
57.5
67.1
77.76
60.61
17.35
23.61
94.13
21.57
185.75
64.95
91.3
40.79
61.5
63.28
20.85
17.81
67.89
96.66
11.29
72.06
58.18
71.7
15.01
37.99
91.68
23.11
87.59
33.66
50.37
57.7
86.57
56.12
73.78
44.09
44.86
4.46
9.5
77.74
63.44
57.08
60.76
87.73
96
20.76
56.95
89.3
46.19
10.53
61.41
97.34
30.46
52.97
90.85
56.38
81.37
74.26
53.13
27.83
88.14
90.73
79.83
77.37
65.43
2.05
39.01
39.08
53.36
40.74
145.17
39.49
45.29
16.41
77.17
11.9
164.68
89.68
193.67
38.18
21.73
6.51
57.04
65.88
75.42
42.47
56.28
66.9
68.01
21.72
74.98
89.5
59.17
74.84
75.13
43.48
72.6
65.56
66.72
69.55
33.16
38.77
115.68
61.43
32.29
78.87
13.28
71.34
51.34
50.62
0.71
122.21
5.65
35.75
58.13
22.7
189.62
9.21
72.25
5.44
186.79
65.62
82.23
62.15
88.16
77.54
38.52
76.99
65.44
14.11
34.26
48.14
81.49
124.91
86.87
83.27
26.43
117.26
24.71
45.2
83.61
31.56
35.06
47.43
63.52
75.33
176.23
111.17
5.87
71.87
79.32
65.73
60.46
49.23
196.81
84.4
74.65
39
143.23
87.61
38.72
26.49
32.17
76.53
35.56
10.58
69.62
38.76
66.61
48.62
96
49.44
79.06
29.03
47.3
65.87
64.53
90.65
20.52
48.98
38.01
162.73
25.56
56.8
128.22
71.73
149.31
40.57
85.2
3.41
190.28
16.91
59.21
70.03
13.04
56.85
66.33
95.27
73.82
82.64
28.05
4.7
165.25
94.79
87.18
10.42
134.24
86.18
66.77
54.9
91
24.49
30.78
81.53
27.76
19.87
48.49
18.86
35.81
158.4
22.97
0.42
0.42
34.68
1.48
36.79
72.59
182.15
59.85
72.44
107.02
57.59
26.61
5.98
9.72
56.92
36.64
47.18
94.71
15.79
4.98
17.65
4.55
48.29
95.79
110.27
12.18
42.67
165.41
49.71
79.08
59.89
64.19
100.99
82.55
85.98
197.57
109.68
4.18
28.11
18.74
91.73
16.93
100.33
18.14
97.81
84.83
16.4
4.47
58.89
44.07
34.86
57.32
87.24
66.11
7.27
39.03
45.44
30.66
192.38
61.73
78.78
166.2
111.87
49.96
86.3
80.79
51.32
3.32
196.27
49.25
76.12
179.34
3.58
37.31
77.45
33.46
48.9
39.12
127.82
11.75
118.72
71.28
64.75
66.52
2.63
1.07
19.25
193.26
140.54
51.98
80.59
196.33
45.65
98.19
19.02
64.59
16
11.66
56.41
176.13
49.57
34.37
28.89
2.57
32.23
34.17
67.83
57.79
72.45
51.19
134.48
67.8
26.84
76.87
81.23
20.25
84.97
99.49
59.1
6.84
24.5
66.96
43.04
52.98
59.32
54.34
5.56
51.23
83.89
0.96
44.36
90.47
132.87
57.24
2.32
63.4
14.86
129.57
33.92
61.06
18.87
20.84
89.46
84.93
144.6
14.12
34.81
52.37
31.13
45.73
42.26
95.21
34.3
80.54
53.25
3.3
81.22
15.21
95.27
77.57
11.92
3.42
37.61
86.2
122.53
47.75
73.85
45.45
56.44
82.76
36.58
119.94
81.75
63.04
79.37
7.53
124.16
88.13
21.24
25.92
187.35
9.63
95.19
199.36
43.08
174.55
47.68
172.31
25.85
68.51
90.03
24.6
30.64
96.78
33.33
51.88
141.08
79.38
7.59
37.78
29.21
37.87
97.33
29.32
91.38
128
69.38
10.11
35.25
40.27
21.84
30.65
7.38
54.75
25.8
44.25
59.44
7.32
62.45
61.93
94.5
78.74
43.8
67.75
15.5
21.47
70.29
36.03
32.25
99.74
83.98
50.71
72.21
60
45.66
96.99
4.46
69.75
191.58
190.36
79.24
63.8
16.6
70.69
17.91
21.79
50.69
61.26
54.54
92.06
14.17
67.9
33.41
37.83
137.79
89.58
30.81
151.54
23.97
17.25
88.93
65.92
27.14
26.79
17.02
31.93
22.24
49.82
9.1
11.76
68.37
7.22
23.49
56.35
22.62
22.41
70.98
39.01
22.93
11.69
133.21
54.43
10.13
60.85
27.76
28.16
23.79
3.35
67.8
181.27
74.28
63.49
57.36
11.42
41.31
52.29
35.15
33.84
43.6
46.1
10.91
88.4
43.56
30.57
11.38
19.19
29.6
39.02
27.54
30.09
86.73
41.38
25.97
4.82
43.43
75.58
69.85
32.92
39.22
29.7
83.95
72.48
43.88
21.43
50.21
191.95
99.86
90.07
4.26
95.57
47.96
5.92
185.49
91.92
63.58
125.67
44.73
7.39
80.6
50.18
127.04
24.35
16.74
42.85
97
0.95
41.95
19.94
50.1
36.39
16.38
90.43
88.09
16.94
69.37
146.62
54.74
84.45
47.79
49.53
43.61
76.01
42.38
91.03
47.26
12.11
11.56
97.91
197.18
8.86
2.44
35.17
54.62
22.47
43.76
32.29
28.43
84.51
70.58
27.32
64.13
12.74
48.41
138
73.88
32.97
82.89
61.61
17.44
44.69
9.11
169.94
56.52
88.83
4.84
84.86
37.07
59.55
25.3
154.93
41.42
67.67
22.49
14.63
78.11
191.18
44.59
17.18
13.56
58.86
13.56
74.56
53.43
90.89
52.59
175.04
85.44
22.76
96.4
8.21
98.08
17.23
89.18
99.21
97.96
168.22
48.33
60.75
78.27
78.09
28.35
34.57
59.25
48.13
42.17
40.11
9.31
55.19
93.15
45.41
87.36
59.66
63.63
94.46
32.41
170.61
172.22
35.37
79.9
9.87
51.09
86.83
66.21
51.18
4.95
46.25
29.22
141.73
9.99
47.63
176.48
64.68
26.47
40.96
40.62
76.73
83.19
24.17
77.04
76.09
88.78
97.86
57.95
190.71
8.84
66.5
47.6
97.64
155.84
72.54
54.18
54.99
14.65
12.73
46.45
27.02
62.4
6.6
82.09
16.23
10.73
58.2
84.55
25.32
10.69
20.05
48.03
40.13
122.75
8.89
49.9
87.12
4.54
13.45
74.59
95.35
78.13
46.79
41.9
95.78
21.85
61.32
84.61
177.42
7.94
76.83
91.44
40.77
121.95
191.1
55.76
85.39
76.9
105.84
80.26
74.46
21.58
0.37
49.09
32.22
70.7
35.14
42.45
71.26
61.94
3.01
10.83
10.13
133.03
42.79
98.78
17.61
85.86
52.24
75.96
78.91
58.11
40.27
171.84
77.05
168.68
81.75
70.05
18.56
0.67
53.62
17.86
13.28
57.86
62.54
39.9
75.75
27.67
72.4
61.29
75.32
69.04
62.68
118.28
13.57
9.01
48.33
79.34
90.05
41.8
132.95
24.72
30.14
28.52
66.58
4.09
177.87
95.6
2.38
87.84
116.98
94.87
38.99
143.59
55.24
76.22
0.84
10.75
2.49
51.52
85.5
98.97
33.02
27.44
90.86
38.09
87.57
14.69
37.31
49.12
60.64
142.28
75.79
97.97
4.05
155.39
29.94
22.26
93.96
74.84
38.87
50.84
90.6
64.08
68.65
149.86
4.33
8.75
40.73
53.51
54.37
6.84
126.42
62.96
20.21
69.64
15.79
19.66
105.14
121.3
4.8
58.53
37.5
83.97
95.94
60.14
43.47
149.27
52.36
16.2
60.59
32.01
94.4
93.38
69.61
92.92
25.14
26.72
90.68
77.06
95.33
25.19
39.17
22.61
84.22
79.23
65.6
56.03
48.61
45.24
24.78
47.18
78.91
27.44
69.43
67.81
22.71
184.1
43.73
33.82
15.26
72.78
17.9
36.18
23.94
52.18
72.27
23
13.83
72.92
21.57
37.2
2.09
36.48
68.5
31.24
49.36
87.28
73.74
12
18.25
43.73
21.34
96.8
32.7
3.55
66.81
42.07
51.22
68.32
83.81
89.88
89.96
8.78
27.3
83.75
22.8
8.97
1.06
96.49
23.35
96.28
48.48
95.97
68.62
136.14
81.15
36.11
161.08
49.69
69.98
24.44
12.99
89.91
6.28
178.59
115.3
8.44
10.56
196.35
39.43
59.73
27.56
5.52
99.95
93.82
83.19
100.97
45.57
1.58
73.36
43.12
63.85
59.88
162.71
7.74
85.16
27.56
97.21
59.65
67.62
53.7
46.29
81.14
85.51
13.95
10.96
52.28
5.53
60.59
60.74
61.95
97.88
10.94
97.96
3.69
73.09
74.76
43.28
56.67
49.17
22.77
80.08
80.32
51.67
132.97
15.42
94.11
16.44
72.32
93.63
59.39
2.64
8.36
46.5
61
88.2
81.84
93.25
92.19
84.4
30.24
78.57
37.26
63.08
97.11
64.66
38.43
47.05
55.65
73.45
46.78
148.45
31.01
21.51
29.06
169.82
36.09
9.84
21.03
71.65
83.49
91.97
12.63
3.06
27.56
51.35
44.91
31.87
10.23
88.88
98.19
93.2
10.47
66.13
39.14
39.18
84.05
24.31
58.44
66.3
31.18
45.27
105.11
52.33
180.17
8.69
81.8
171.65
91.43
44.04
37.21
1.6
70.72
13.3
51.89
36.82
50
29.58
76.67
88.78
67.97
62.17
69.09
73.6
44.55
111.18
185.7
75.67
63.33
14.46
23.08
42.74
96.43
24.74
81.49
77.3
36.11
60.99
50.42
2.79
75.47
28.62
8.12
50.86
12.6
88.01
100.04
24.1
90.51
64.17
95.15
92.02
62.37
51.41
74.74
70.3
26.98
100.69
143.09
80.8
27.09
51.23
82.57
16.57
80.64
63.1
56.62
91.76
0.52
31.41
134.89
18.21
37.33
96.15
113.62
7.79
38.34
29.2
13.02
23.88
81.93
154.26
193.48
173.09
32.41
13.4
29.64
11.79
83.83
72.81
33.86
56.5
70.35
145.66
2.38
177.38
114.16
44.86
20.36
46.79
73.69
45.22
83.37
159.89
29.27
30.99
14.99
24.23
88.57
54.26
27.81
176.9
88.78
37.79
158.12
178.52
21.39
21.16
196.7
25.4
5.3
38.69
91.25
18.95
27.8
1.46
21.03
38.29
53.62
49.75
70.14
26.58
24.89
88.75
24.26
100.63
53.93
85.69
63.91
50.33
45.42
89.26
79.77
35.22
4.62
43.56
138.15
41.64
11.56
98.02
26.27
167.9
70.62
75.67
25.77
96.15
29.31
46.16
64.6
24.4
138.91
47.25
48.26
57.17
17.02
43.8
87.29
35.87
12.28
18.88
34.16
80.92
186.91
75.25
58.7
32.77
33.7
14.07
134.89
88.92
19.86
24.45
7.49
35.14
139.68
33.06
22.57
62.77
41.64
59.42
53.8
86.36
5.82
30.37
71.26
56.54
70.11
53.06
88.75
75.66
77.2
20.26
88.97
138.95
32.89
66.1
166.49
12.7
83.57
188.39
29.81
35.86
20.69
132.71
32.01
87.24
41.14
18.05
133.22
26.97
90.18
6.89
188.57
8.12
77.75
6.77
22.37
60.67
187.8
63.23
0.74
59.85
42.2
43.15
63.96
44.96
33.59
51.24
69.77
97.69
85.11
67.77
15.05
73.64
21.81
55.6
23.75
12.87
62.67
50.97
55.82
23.23
32.72
46.24
85.62
26.11
94.38
13.47
2.59
27.75
40.16
66.1
17.86
102.69
17.23
18.35
51.06
19.84
55.64
34.72
56.64
80.44
21.42
78.28
61.45
96.96
5.53
76.34
31.88
2.3
8.48
11.37
11.44
3.01
59.45
6.14
81.78
85.98
18.93
34.34
80.58
17.53
33.71
77.59
10.7
59.22
61.13
143.6
155.43
46.13
22.72
99.26
94.42
48.69
84.64
42.88
24.9
79.13
22.45
177.61
96.59
71.17
82.02
52.73
77.07
34.46
29.05
78.14
99.2
56.28
34.54
87.9
49.32
23.81
96.98
103.04
14.14
81.44
11.06
130.45
10.14
170.94
122.63
161.13
53.76
29.34
96.28
64.41
9.85
69.62
44.01
27.68
90.93
88.42
33.14
42.47
34.76
64.62
76.39
41.43
96.31
10.12
75.86
76.35
8.22
189.94
9.38
27.99
49.69
62.51
36.05
34.47
85.68
25.2
56.93
90.22
89.81
98.68
29.14
7.43
37.62
34.31
56.64
27.17
0.84
41.55
134.53
35.33
60.32
39.08
46.4
75.29
93
42.33
64.97
96.65
32.18
79.27
21.15
4.4
114.1
17.5
175.48
5.01
120.41
63.88
191.63
81.1
33.87
19.65
81.33
161.88
24.49
49.22
7.56
34.4
62.23
65.89
49.58
42.56
66.04
18.13
46.23
46.07
62.01
65.37
89.06
143.15
8.89
55.89
40.02
68.26
25.92
50.64
74.88
4.51
158.08
199.96
77.13
66.75
22.26
61.18
57.91
145.18
20.5
20.41
66.12
69.08
139.42
89.28
70.68
19.83
65.6
56.87
42.27
0.97
68.38
73.73
32.09
30.19
28.06
73.54
92.72
63.22
97.33
11.36
60.45
76.2
12.12
81.04
15.54
72.83
38.86
78.6
60.21
58.58
74.05
89.98
70.88
52.88
90.65
1.48
57.87
75.65
95.07
89.86
2.96
94.2
96.61
98.6
46.24
9.06
100.26
4.74
53.24
44.09
62.08
116.88
19.45
9.63
39.28
9.75
79.82
27.84
45.29
78.95
55
10.75
32.8
47.42
41.91
4.47
114.58
57.87
66.04
25.62
168.39
20.75
15.25
153.72
58.79
10.8
53.96
32.73
1.63
63
46.6
2.16
30.05
19.09
189.15
88.33
64.8
38.09
139.61
74.37
15.72
64.17
19.42
43.69
81.09
98.65
67.58
21.69
75.21
12.65
61.62
92.43
160.37
89.69
25.9
5.14
83.06
73.33
62.69
38.07
70.24
147.46
75.29
39.9
98.75
39.23
18.15
95.09
1.41
2.08
109.28
17.58
93.06
62.73
191.54
92.62
73.97
143.84
53.81
25.76
57.24
33.22
46.79
46.9
89.44
88.48
77.66
69.36
7.83
13.71
49.49
113.41
86.05
0.74
31.95
64.06
25.14
41.65
8.94
89.45
1.93
56.9
96.01
155.11
148.1
52.37
49.8
56.3
87.34
20.9
5.58
18.39
79.9
74.26
37.49
100.16
2.05
92.42
2.28
87.09
27.47
18.03
81.64
97.95
66.32
80.76
17.56
59.89
139.92
48.99
97.42
31.51
66.36
59.27
45.98
87.32
40.9
54.6
91.36
36.07
9.83
32.54
17.18
99.51
16.22
42.81
12.63
27.73
27.18
74.25
16.07
84.6
6.06
4.3
36.58
199.68
38.55
15.1
36.57
198.07
60.79
73.39
31.69
131.41
41.49
91.96
85.12
76.76
63.6
21.82
69
33.52
100.25
43.67
39.64
10.22
9.01
26.5
24.43
99.4
187.55
95.25
61.3
15.72
55.42
100.65
91.99
169.83
4.25
43.34
3.37
124.39
48.52
34.02
43.58
73.9
61.3
38.36
70.69
52.84
98.19
73.03
23.57
14.55
20.16
48.09
18.62
3.99
22.07
78.97
171.29
94.67
75
84.8
188.89
21.87
32.53
164.56
16.97
86.83
190.58
18.87
0.69
186.05
22.61
36.4
62.17
45.68
36.81
51.69
34.96
13.66
83.63
1.15
30.74
105.7
70.97
91.23
76.42
1.82
75.12
76.29
54.77
89.66
27.57
60.85
29.22
14.05
69.5
52.39
59.9
15.41
81.08
6.5
70.93
74.87
51.21
106.67
82.34
58.86
49.99
87.01
18.86
30.48
38.36
58.64
92.42
6.37
192.83
84.19
90.7
52.13
24.95
86.59
71.93
28.95
40.36
65.1
17.12
36.4
120.21
154.79
90.23
81.81
13.52
37.26
26.54
90.23
71.28
24.37
86.59
26.98
186.75
95.7
48.96
19.1
92.53
161.01
59.17
43.51
99.94
94.43
33.68
20.54
21.5
74.19
79.71
49.21
43.03
69.25
49.67
24.77
195.36
77.46
52.43
93.56
40.96
112.72
198.08
56.1
83.68
13.37
14.18
51.13
83.35
15.77
16.95
77
42.87
88.5
3.63
30.54
97.6
26.18
74.14
95.26
11.88
77.12
2.9
54.66
76.99
35.72
79.78
71.1
81.9
179.03
25.09
73.69
43.58
87.55
37.91
67.86
37.02
4.09
77.78
76.71
178.56
74.92
22.42
97.78
47.6
54.95
56.71
37.4
7.73
194.55
23.5
99.47
51.95
100.06
18.05
100.54
79.37
69.55
1.6
167.38
100.99
20.18
81.84
4.77
55.01
64.3
92.89
74.85
63.45
86.49
46.7
67.95
48.14
4.07
84.13
9.14
99.81
19.36
66.18
51.98
54.49
11.72
85.35
47.61
65.85
54.58
2.95
58.63
96.58
185.19
14.63
65.25
97.76
26.01
81.44
79.81
83.39
36.77
42.04
86.94
27.2
142.74
93.65
70.13
15.16
91.43
44.92
73.4
14.91
17.86
76.77
27.51
54.69
49.75
13.58
35.4
88.29
90.03
89.73
22.52
2.33
96.38
53.7
155.75
59.8
100.88
68.29
48.76
46.75
46.47
12.3
74.86
87.66
47.99
53.2
6.12
42.11
7.49
78.95
88.66
67.31
38.97
17.62
81.16
2.67
46.44
9.95
28.51
81.49
26.58
16.07
9.26
72.01
34.1
92.93
15.66
89.33
9.8
100.21
68.08
12.37
69.59
9.93
56.64
89.68
24.41
100.92
36.79
7.01
21.04
20.43
97.18
84.1
12.6
160.21
64.14
27.51
18.91
9.37
71.49
93.62
79.21
69.74
3.34
38.46
58.79
164.73
92.42
32.09
50.97
55.08
23.09
47.6
40.98
75.12
2.06
100.57
89.96
84.27
54.46
41.49
58.28
18.97
18.9
47.78
17.83
8.5
63.57
94.47
5.66
25.88
78.37
111.25
67.49
162.27
13.84
73.02
35.89
47.7
58.33
61.7
123.8
49.2
47.38
97.75
89.27
72.97
62.61
35.01
0.83
18.64
81.08
103.9
83.54
8.55
53.85
32.11
34.23
97.22
52.2
56.56
42.2
76.84
196.79
45.72
10.81
66.24
30.08
91.59
187.94
127.31
67.76
0.95
58.87
9.02
72.52
82.63
65.79
39
65.81
81.13
82.28
26.35
3.14
96.61
62.41
22.91
87.48
87.92
6.2
31.35
58.75
41.05
94.3
51.5
100.8
65.97
56.77
59.28
75.86
56.53
28.73
20.04
44.6
68.74
32.18
156.59
29.9
55.61
13.01
173.75
120.32
116.33
52.7
16.89
125.03
77.28
35.57
26.54
56.77
22.98
16.49
81.88
24.1
136.62
44.86
48.82
51.86
44.13
83.34
90.98
98.05
94.26
33.09
48.88
31.42
194.08
34.19
50.01
46.97
82.9
87.42
49.76
18.36
11.05
47.41
96.99
10.04
89.65
53.98
40.32
60.87
86.94
79.37
99.85
88.36
42.41
87.88
22.13
15.79
0.68
41.58
11.98
183.97
13.2
80.23
60.29
69.22
16.02
10.06
82.53
31.32
59.44
9.93
37.19
16.46
66.41
73.35
81.05
54.46
97.81
27.04
2.02
27.38
56.53
3.57
32.05
96.92
14.46
77.58
116.49
21.45
83.4
40.46
17.7
65.27
20.41
96.32
90.41
68.4
5.31
81.8
18.22
9.03
21.2
194.55
47.15
89.58
64.87
5.59
55.14
53.71
66.09
81.82
15.79
48.23
145.36
34.1
82.54
72.58
60.95
82.97
52.23
19.51
98.56
41.45
97.11
82.32
175.24
143.24
69.27
170.81
196.07
87.55
92.43
30.66
12.01
75.78
34.27
31.5
98.58
94.99
3.95
51.88
86.54
86.72
17.99
91.71
61.91
65.04
12.41
17.66
48.62
44.7
61.86
22.52
0.22
15.58
84.1
159.25
68.76
113.74
39.59
47.91
94.92
100.75
16.08
44.88
45.36
61.44
58.65
58.26
88.08
64.07
55.75
153.89
73.67
76.44
48.15
166.21
78.39
62.55
30.77
5.57
57.7
70.36
43.6
27.01
25.89
56.52
60.32
49.52
65.65
170.03
6.03
28.48
25.15
1.25
82.12
97
8.99
62.85
71.12
18.58
44.09
150
33.53
49.67
38.61
35.96
81.84
28.7
93.83
55.39
82.44
52.59
27.25
0.05
49.66
0.92
15.91
30.65
90.58
115.32
86.63
33.65
94.21
100.45
2.61
190.15
84.22
20.4
194.85
17.42
84.05
44.87
69.55
78.92
5.87
30.64
94.27
58.34
59.02
25.62
15.35
50.13
21.31
67.14
82.71
48.41
33.18
15.74
66.69
37.29
85.57
25.96
27.19
73
22.72
64.23
3.24
67.75
82.28
134.87
55.78
45.15
66.35
51.75
70.87
22.29
97.47
19.25
96.15
46.87
9.15
189.26
89.82
71.92
87.22
86.57
81.93
8.94
36.04
46.55
12.74
69.97
47.75
87.91
24.95
24.61
79.73
37.18
61.87
63.73
27.71
44.2
81.7
28.78
11.92
40.38
98.66
62.19
88.28
57.18
52.27
71.67
4.23
83.5
18.04
46.58
76.77
15.18
11.89
60.57
82.87
57.45
85.82
5.5
43.91
148.37
99.1
3.92
177.98
70.44
68.73
52.35
29.52
169.91
37.77
43.63
80.36
65.87
19.52
75.23
0.31
39.82
63.21
44.13
95.56
15.42
59.18
73.59
88.58
14.15
1.03
7.96
198.91
46.36
73.41
6.17
17.73
11.79
14.72
71.85
28.29
45.52
51.88
8.86
120.68
100.29
0.21
161.07
71.95
67.18
27.76
199.45
88.82
169.48
19.56
60.29
29.11
84.69
89.07
32.29
76.12
64.64
89.72
4.2
0.39
67.35
13.03
77.47
100.32
33.08
9.8
44.2
79.23
90.92
72.97
33.25
14
12.17
6.86
10.59
52.98
1.69
86.74
62.65
66.05
94.65
48.71
16.76
25.21
89.88
84.41
117.96
69.29
60.01
108.65
22.44
49.55
73.22
4.76
84.64
22.32
145.15
7
93.32
30.67
42.11
158.09
89.22
29.67
69.77
93.82
53.94
28.65
75.2
27.01
54.25
46.11
5.68
75.73
8.76
88.99
44.81
28.16
43.45
17.02
47.22
80.23
86.26
67.89
4.1
92.82
24.06
6.63
62.83
11.83
2.13
75.36
20.17
56.89
49.67
87.29
23.11
68.98
85.49
187.05
52.91
71.82
131.23
87.83
131.65
55.97
70.24
95.05
78.62
16.72
14.13
1.04
84.86
78.15
90.94
44.5
11.82
73.36
8.75
45.3
66.4
79.39
94.22
188.31
89.15
33.03
97.29
26.02
46.94
35.07
55.85
83.33
72.44
41.29
77.88
53.29
48.65
30.45
90.91
48.12
58.09
43.66
149.14
78.22
7.75
18.02
77.23
12.56
35.31
10.6
115.11
98.23
69.3
177.73
66.84
50.99
85.13
51.78
95.12
26.3
54.81
72.37
44.86
61.33
40.81
14.84
164.6
47.81
37.43
37.58
69.55
59.51
144.13
52.73
21.77
72.51
2.84
39.12
76.34
3.45
49.32
83.66
73.66
45.93
32.01
182.19
68.03
62.53
64.96
99.43
13.46
195.4
90.26
51.56
30.21
8.54
80.97
31.47
12.54
21.95
155.58
56.56
33.2
87.9